x:-0.75000000000000 y: 0.00000000000000 range:3.335073e+00 iter:145
x:-0.75000000000000 y: 0.00000000000000 range:3.288100e-01 iter:183
end
x:-0.73970860654533 y:-0.17041884936009 range:3.196130e-03 iter:263
